[server/sslConfig]
version = 9.0.5
modtime = 1702660496.081382000

[server/general]
version = 9.0.5
modtime = 1702660496.931831000

[server/lmpool%3Aauto_generated_pool_forwarder]
version = 9.0.5
modtime = 1702660496.939653000

[server/lmpool%3Aauto_generated_pool_free]
version = 9.0.5
modtime = 1702660496.941232000
